快速排序， 规模：500000 ，第 10 次排序结果的前100位：
2, 8, 9, 9, 10, 12, 12, 13, 17, 20, 20, 20, 21, 28, 29, 30, 31, 31, 35, 39, 40, 41, 45, 46, 46, 53, 53, 54, 56, 60, 60, 61, 61, 64, 64, 65, 68, 69, 70, 71, 76, 77, 77, 78, 79, 84, 84, 86, 88, 90, 92, 93, 95, 97, 97, 99, 100, 101, 102, 102, 104, 104, 104, 111, 112, 112, 112, 112, 123, 125, 125, 126, 126, 127, 127, 129, 130, 131, 131, 131, 133, 135, 136, 138, 142, 146, 149, 150, 150, 156, 157, 162, 163, 164, 165, 166, 175, 176, 179, 183, 

堆排序， 规模：500000 ，第 10 次排序结果的前100位：
3, 6, 7, 8, 9, 12, 13, 14, 25, 27, 28, 31, 33, 34, 34, 35, 38, 40, 44, 46, 47, 48, 48, 49, 50, 50, 54, 54, 61, 62, 66, 68, 68, 72, 72, 73, 74, 74, 83, 91, 92, 95, 95, 96, 96, 97, 105, 106, 107, 109, 110, 114, 114, 115, 116, 117, 117, 117, 118, 119, 121, 122, 124, 124, 124, 129, 132, 134, 135, 135, 135, 135, 135, 136, 139, 140, 142, 144, 150, 150, 150, 151, 152, 153, 153, 154, 156, 157, 157, 157, 158, 160, 162, 163, 164, 166, 166, 166, 167, 170, 

归并排序， 规模：500000 ，第 10 次排序结果的前100位：
1, 2, 2, 4, 5, 11, 14, 15, 15, 16, 19, 24, 31, 32, 35, 36, 36, 40, 41, 44, 45, 50, 52, 52, 54, 56, 57, 59, 59, 60, 64, 65, 66, 66, 69, 71, 73, 75, 77, 80, 83, 83, 85, 87, 89, 90, 94, 95, 99, 100, 102, 104, 106, 106, 109, 112, 113, 116, 119, 121, 122, 123, 125, 125, 126, 128, 130, 134, 137, 138, 139, 141, 141, 142, 143, 146, 146, 147, 147, 150, 152, 152, 153, 153, 153, 154, 155, 155, 156, 157, 161, 166, 168, 171, 172, 173, 173, 174, 176, 176, 

插入排序， 规模：500000 ，第 10 次排序结果的前100位：
4, 4, 5, 5, 7, 8, 10, 16, 17, 18, 20, 28, 31, 34, 37, 37, 38, 38, 38, 38, 43, 44, 45, 46, 49, 49, 49, 51, 56, 57, 57, 58, 62, 62, 62, 65, 71, 72, 75, 80, 84, 86, 88, 89, 90, 90, 95, 95, 97, 98, 99, 101, 103, 103, 105, 106, 109, 117, 118, 121, 123, 124, 127, 127, 129, 131, 137, 139, 141, 147, 149, 151, 151, 152, 154, 155, 157, 158, 158, 160, 161, 164, 179, 180, 180, 181, 182, 183, 185, 185, 187, 189, 195, 196, 197, 197, 197, 197, 200, 201, 

快速排序， 规模：500000 ，第 10 次排序结果的前100位：
2, 8, 10, 11, 12, 13, 15, 16, 18, 19, 24, 30, 32, 32, 33, 34, 35, 40, 40, 42, 44, 45, 45, 48, 49, 51, 52, 52, 56, 62, 66, 71, 72, 74, 76, 77, 78, 78, 80, 83, 83, 86, 89, 89, 90, 90, 96, 102, 104, 104, 104, 115, 117, 119, 121, 121, 123, 124, 127, 127, 129, 137, 140, 140, 142, 142, 143, 144, 144, 154, 154, 155, 156, 157, 159, 166, 167, 167, 171, 173, 175, 176, 178, 179, 183, 184, 185, 185, 189, 189, 193, 193, 193, 198, 201, 205, 211, 212, 213, 213, 

